lastAccountName: _Cardinal_
timestamps:
  login: 1564608608494
  logout: 1564608619020
ipAddress: 47.135.66.88
lastlocation:
  world: world
  x: 86.09981979259693
  y: 73.00133597911214
  z: 36.19627188348464
  yaw: 28.903244
  pitch: 37.3906
logoutlocation:
  world: HUB
  x: 827.8660852360574
  y: 47.0
  z: -642.9439253120073
  yaw: -183.15106
  pitch: 1.3870499
