lastAccountName: MajdRidammxz7dh
timestamps:
  login: 1565108758965
  lastteleport: 1564680455060
  logout: 1565108774722
ipAddress: 85.129.38.79
lastlocation:
  world: world
  x: 105.79819347031042
  y: 69.0
  z: 99.7051807526065
  yaw: 310.37845
  pitch: 6.8444366
logoutlocation:
  world: HUB
  x: 821.7678495889353
  y: 45.0
  z: -626.9401171861258
  yaw: -75.15737
  pitch: 49.818554
