lastAccountName: 0xSec
timestamps:
  login: 1564617399838
  logout: 1564617430173
ipAddress: 87.114.66.68
logoutlocation:
  world: HUB
  x: 828.1463214375401
  y: 47.0
  z: -630.3235307562235
  yaw: -57.230133
  pitch: 21.237286
