lastAccountName: Toxicaliste
timestamps:
  login: 1564871031923
  logout: 1564871161477
ipAddress: 75.142.146.149
lastlocation:
  world: HUB
  x: 812.804539313311
  y: 4.0
  z: -613.4999712897119
  yaw: -164.03938
  pitch: -49.50615
logoutlocation:
  world: HUB
  x: 820.7276483792044
  y: 47.0
  z: -641.2679682645834
  yaw: -88.889496
  pitch: 13.141891
