lastAccountName: Zacatak
timestamps:
  login: 1564607668345
  logout: 1564607673500
ipAddress: 98.115.12.15
logoutlocation:
  world: world
  x: 78.0
  y: 78.0
  z: 95.0
  yaw: -4.405519
  pitch: 19.090586
