lastAccountName: Etank77
timestamps:
  login: 1564609868219
  logout: 1564609974108
ipAddress: 73.56.218.123
logoutlocation:
  world: world
  x: 117.69999998807907
  y: 70.0
  z: 80.18408369962907
  yaw: -91.049255
  pitch: -60.00008
