lastAccountName: Sobez
timestamps:
  login: 1564875264309
  logout: 1564875285982
ipAddress: 45.30.48.25
logoutlocation:
  world: world
  x: 78.75010543505829
  y: 78.0
  z: 97.08587967813014
  yaw: 42.45441
  pitch: 12.527528
