lastAccountName: Drpewds
timestamps:
  login: 1564689081891
  lastteleport: 1564690610952
  logout: 1564692766757
ipAddress: 188.238.21.95
lastlocation:
  world: world
  x: 78.5740552921049
  y: 78.0
  z: 95.53924020179544
  yaw: -177.49744
  pitch: 77.12529
logoutlocation:
  world: world
  x: -91.90336336204574
  y: 6.0
  z: -50.46234851637427
  yaw: -271.1042
  pitch: 22.69229
