lastAccountName: ImperatorKVAK
timestamps:
  login: 1566837605438
  lastteleport: 1566837808952
  logout: 1566844949795
ipAddress: 71.50.34.209
logoutlocation:
  world: Creative
  x: 57.746695173547806
  y: 64.0
  z: -217.12726950083123
  yaw: -265.26648
  pitch: 8.395837
