lastAccountName: Vesnin95
timestamps:
  login: 1564708473259
  logout: 1564708659869
ipAddress: 174.58.8.5
logoutlocation:
  world: HUB
  x: 820.3000000119209
  y: 55.7531999805212
  z: -614.3229291655397
  yaw: -275.91983
  pitch: 12.293726
