lastAccountName: Meesdj09bot
timestamps:
  login: 1565111116693
  logout: 1565111128951
ipAddress: 94.214.16.67
logoutlocation:
  world: world
  x: 79.49256621274985
  y: 77.0
  z: 98.61127509400872
  yaw: -177.59999
  pitch: -10.499998
