lastAccountName: youresotoxic
timestamps:
  login: 1564607523752
  logout: 1564608803068
ipAddress: 71.61.240.91
logoutlocation:
  world: HUB
  x: 818.6615453436643
  y: 47.0
  z: -633.6720977514639
  yaw: 295.71036
  pitch: 16.793953
