lastAccountName: Fizzerzz
timestamps:
  login: 1566411816537
  logout: 1566411845070
ipAddress: 98.110.171.2
logoutlocation:
  world: world
  x: 79.48307716350345
  y: 78.0
  z: 105.06927927303917
  yaw: -202.19862
  pitch: 5.7000027
