lastAccountName: Kolba
timestamps:
  login: 1567447553655
  logout: 1567447577540
ipAddress: 98.221.209.81
logoutlocation:
  world: FactionsWorld
  x: 45.0516069808678
  y: 64.0
  z: 54.61284608748018
  yaw: -137.97205
  pitch: 3.0574443
