lastAccountName: IsuHase
timestamps:
  login: 1565387265929
  logout: 1565390308581
ipAddress: 127.0.0.1
logoutlocation:
  world: world
  x: -130.69999998807904
  y: 6.0
  z: -54.30000001192093
  yaw: -324.9004
  pitch: 6.957965
