lastAccountName: Frikanrican
timestamps:
  login: 1572562677728
  logout: 1572562937163
  lastteleport: 1572562879383
ipAddress: 24.140.186.52
logoutlocation:
  world: minigames
  x: 276.30000001192093
  y: 92.0
  z: 193.26133550471098
  yaw: 105.59619
  pitch: 6.000086
lastlocation:
  world: minigames
  x: 276.30000001192093
  y: 92.0
  z: 193.26133550471098
  yaw: 105.59619
  pitch: 6.000086
