lastAccountName: FuntimeFoxy1
timestamps:
  login: 1564670887228
  logout: 1564671228205
ipAddress: 73.208.31.137
lastlocation:
  world: world
  x: 4.300000011920918
  y: 80.0
  z: -13.699999988079066
  yaw: -28.54663
  pitch: 46.075455
logoutlocation:
  world: world
  x: 132.7810744943343
  y: 71.0
  z: 129.19201955724282
  yaw: 201.75148
  pitch: 3.4497893
