lastAccountName: D0M3x2
timestamps:
  login: 1565027558259
  logout: 1565028085448
  lastteleport: 1565027589705
ipAddress: 84.177.234.61
logoutlocation:
  world: world
  x: 11.190027212884042
  y: 83.0
  z: 24.30000001192093
  yaw: -170.39844
  pitch: -17.100111
lastlocation:
  world: world
  x: 90.92307110795393
  y: 78.0
  z: 90.74792175908576
  yaw: -136.05003
  pitch: 11.100021
