lastAccountName: EternalUzi
timestamps:
  login: 1564805902720
  logout: 1564805952429
ipAddress: 176.252.161.193
logoutlocation:
  world: world
  x: 216.57432976470702
  y: 67.0
  z: 89.46762255341454
  yaw: -95.964
  pitch: -3.472003
