lastAccountName: mikeLegend1016
timestamps:
  login: 1566077564929
  logout: 1566077600776
ipAddress: 68.163.101.111
logoutlocation:
  world: world
  x: 95.56737930759674
  y: 78.0
  z: 87.32336459730344
  yaw: -242.69992
  pitch: 11.550007
