lastAccountName: therealiltae
timestamps:
  login: 1564680996018
  logout: 1564681535734
ipAddress: 192.235.216.237
logoutlocation:
  world: world
  x: 241.14610626716555
  y: 78.0
  z: 54.300000011920936
  yaw: -92.55028
  pitch: 38.099876
