lastAccountName: CoolDadDee
timestamps:
  login: 1564606155627
  logout: 1564609765100
ipAddress: 162.197.76.201
logoutlocation:
  world: HUB
  x: 833.7591230307875
  y: 47.0
  z: -635.7523248478055
  yaw: -317.20844
  pitch: -90.0
