lastAccountName: AnimeGirl78
timestamps:
  login: 1564698050351
  logout: 1564698421634
ipAddress: 65.35.137.26
logoutlocation:
  world: world
  x: 99.82821496314469
  y: 65.0
  z: -501.2013751515712
  yaw: -209.6997
  pitch: 4.7999825
