lastAccountName: Pharts
timestamps:
  login: 1564624185655
  logout: 1564624238317
ipAddress: 68.100.242.44
logoutlocation:
  world: flatcreative
  x: 0.3108098094426069
  y: 34.1252060255786
  z: 0.8497284121475719
  yaw: -172.10266
  pitch: 19.577822
