lastAccountName: Lurktastic
timestamps:
  login: 1564610092892
  logout: 1564610124386
ipAddress: 98.115.12.15
logoutlocation:
  world: factions
  x: 185.87269882258138
  y: 69.0
  z: 13.385043856358257
  yaw: -117.69031
  pitch: 22.447165
