lastAccountName: colbydray
timestamps:
  login: 1564612663656
  logout: 1564612677963
ipAddress: 24.211.134.34
logoutlocation:
  world: HUB
  x: 828.1991876611993
  y: 50.50091426287826
  z: -649.6768708005465
  yaw: -64.14089
  pitch: 25.643782
