lastAccountName: creepermaster123
timestamps:
  login: 1566837709163
  logout: 1566844948197
ipAddress: 75.165.66.155
lastlocation:
  world: Creative
  x: 202.1938871374146
  y: 63.0
  z: -244.828752392969
  yaw: 66.44974
  pitch: 13.350033
logoutlocation:
  world: Creative
  x: 53.758382447053165
  y: 64.0
  z: -217.39023443963433
  yaw: 260.00098
  pitch: 5.9995947
