lastAccountName: JazzyBeehive
timestamps:
  login: 1564675963950
  mute: 0
  logout: 1564676010050
ipAddress: 76.76.246.43
muted: false
logoutlocation:
  world: world
  x: 120.7626384897866
  y: 71.0
  z: 82.9548782705364
  yaw: -104.285095
  pitch: 40.769913
