lastAccountName: Wongsarenice
timestamps:
  login: 1572910698800
  lastheal: 1572795020739
  lastteleport: 1572910715349
  kits:
    grimreaper: 1566102418402
    beserker: 1566102449888
    pyro: 1566103070302
    archer: 1566102492558
    gladiator: 1566103038051
    wizard: 1566102647753
    tank: 1566102859053
  logout: 1572911027268
ipAddress: 65.185.94.163
nickname: Mickel
lastlocation:
  world: world
  x: 78.0
  y: 78.0
  z: 95.0
  yaw: -1.8000003
  pitch: -1.8000003
money: '995000.0'
logoutlocation:
  world: world
  x: 363.7928668585187
  y: 60.0
  z: 136.1240862679307
  yaw: 217.66743
  pitch: 21.7499
homes:
  home:
    world: world
    x: 370.4962443400511
    y: 60.0
    z: 140.81020836135053
    yaw: 12.317499
    pitch: 10.499912
afk: false
