lastAccountName: ChristmasWizard
timestamps:
  login: 1568497535224
  logout: 1568497540124
ipAddress: 173.80.181.22
afk: false
logoutlocation:
  world: HUB
  x: 827.4318433275425
  y: 47.0
  z: -635.6400027713988
  yaw: -179.9396
  pitch: -8.70615
