lastAccountName: baxxey
timestamps:
  login: 1564618769882
  mute: 0
  logout: 1564622118529
ipAddress: 47.222.31.56
lastlocation:
  world: world
  x: -184.1404786256189
  y: 60.224698445736934
  z: -6.736737300902943
  yaw: -114.48926
  pitch: 29.250166
muted: false
logoutlocation:
  world: flatcreative
  x: -153.97542651819646
  y: 53.0
  z: -150.9789060337172
  yaw: -10.462158
  pitch: 27.14996
