lastAccountName: AshSoot
timestamps:
  login: 1564607955396
  logout: 1564608220017
ipAddress: 73.50.13.42
logoutlocation:
  world: world
  x: 77.49200751918954
  y: 78.0
  z: 97.21928963839096
  yaw: -11.999849
  pitch: 32.25
