lastAccountName: DarknightatD4
timestamps:
  login: 1567291151808
  lastteleport: 1567293391445
  logout: 1567293858722
ipAddress: 24.140.186.52
lastlocation:
  world: world
  x: 146.10091514614425
  y: 34.0
  z: -67.62567219391116
  yaw: 92.14028
  pitch: -6.5290422
logoutlocation:
  world: world
  x: 2.733869801603258
  y: 73.9375
  z: 163.54717171479453
  yaw: -297.83542
  pitch: 51.498768
