lastAccountName: Coolsickdude
timestamps:
  login: 1564690868378
  logout: 1564691134693
ipAddress: 100.33.45.15
logoutlocation:
  world: world
  x: 42.47446088247853
  y: 84.0
  z: -38.726172818210514
  yaw: -1.0510864
  pitch: 19.199886
