lastAccountName: The_Haruchai
timestamps:
  login: 1564605717331
  logout: 1564605891497
ipAddress: 74.110.214.15
logoutlocation:
  world: world
  x: 144.00580799697227
  y: 70.0
  z: 61.632643489421525
  yaw: -175.9303
  pitch: 31.04964
