lastAccountName: Bloody_Hydra
timestamps:
  login: 1564853401793
  logout: 1564853465885
ipAddress: 80.99.67.243
logoutlocation:
  world: world
  x: 107.98894282337352
  y: 69.0
  z: 85.95425291335683
  yaw: 10.697014
  pitch: 25.37224
