lastAccountName: rembhrat
timestamps:
  login: 1566100166129
  logout: 1566100307929
ipAddress: 24.140.186.52
logoutlocation:
  world: world
  x: 228.2079646003217
  y: 88.0
  z: 38.08310441197956
  yaw: -206.33698
  pitch: -9.655995
