lastAccountName: BluMangoes
timestamps:
  login: 1564613471329
  logout: 1564613684223
ipAddress: 76.101.64.54
logoutlocation:
  world: world
  x: -33.238936633067546
  y: 77.0
  z: 93.3021232587866
  yaw: -278.34744
  pitch: 57.876102
