lastAccountName: arnau2415
timestamps:
  login: 1564841196697
  logout: 1564841360734
ipAddress: 31.217.1.202
logoutlocation:
  world: world
  x: 160.00167656151137
  y: 74.0
  z: 86.54248312650779
  yaw: 13.49765
  pitch: 43.799667
