lastAccountName: TimoTubbie203
timestamps:
  login: 1565881367893
  logout: 1565881925510
ipAddress: 83.86.32.167
logoutlocation:
  world: Creative
  x: -1.5273320269680446
  y: 74.53222021256977
  z: -89.6792210917944
  yaw: 44.096558
  pitch: 27.750326
