lastAccountName: tankpillowYT
timestamps:
  login: 1565028796011
  logout: 1565030131576
  lastteleport: 1565030112464
  kits:
    tank: 1565029347972
ipAddress: 73.154.36.42
logoutlocation:
  world: HUB
  x: 827.6406507175966
  y: 46.9375
  z: -638.6897735303842
  yaw: 178.89906
  pitch: 23.426718
lastlocation:
  world: HUB
  x: 687.2417457646482
  y: 43.0
  z: -579.6619285242526
  yaw: -226.08484
  pitch: 4.1217146
