lastAccountName: Neemsyo
timestamps:
  login: 1564610519235
  logout: 1564610649129
ipAddress: 76.126.66.222
logoutlocation:
  world: factions
  x: 107.54960207369409
  y: 73.02442408821369
  z: 73.21497719909965
  yaw: -177.43379
  pitch: 14.384983
