lastAccountName: VelvetSalt4231
timestamps:
  login: 1568314638882
  logout: 1568317784771
  lastteleport: 1567728801202
  lastheal: 1567728430374
ipAddress: 66.226.49.114
logoutlocation:
  world: Creative
  x: 132.4050593269928
  y: 78.47842719639274
  z: -82.18211268791356
  yaw: 70.92529
  pitch: 4.9528356
lastlocation:
  world: world
  x: 40229.481031743664
  y: 18.0
  z: 39983.69999998808
  yaw: 319.88208
  pitch: 14.550711
homes:
  home:
    world: world
    x: 39999.18107975001
    y: 69.0
    z: 40016.44887069023
    yaw: 93.34952
    pitch: 0.6005896
