lastAccountName: nicholasphage
timestamps:
  login: 1564872140111
  logout: 1564872164076
ipAddress: 50.4.32.169
logoutlocation:
  world: HUB
  x: 820.1746450372635
  y: 50.0
  z: -618.6999999880791
  yaw: -231.98978
  pitch: 34.64387
