lastAccountName: Alex_RedFox
timestamps:
  login: 1566100433017
  logout: 1566100572787
ipAddress: 24.140.186.52
logoutlocation:
  world: world
  x: 222.30000001192093
  y: 73.0
  z: 59.12793628102453
  yaw: -355.61987
  pitch: 13.518419
