lastAccountName: Rushedx
timestamps:
  login: 1564612271199
  logout: 1564612367378
ipAddress: 71.85.208.133
logoutlocation:
  world: world
  x: 118.98675020043451
  y: 70.0
  z: 27.960040274589375
  yaw: -194.10086
  pitch: 9.599871
