lastAccountName: Mexspike1999
timestamps:
  login: 1564624170522
  logout: 1564624230822
ipAddress: 201.171.136.138
logoutlocation:
  world: HUB
  x: 815.7539547136109
  y: 47.0
  z: -635.26771782006
  yaw: 121.71066
  pitch: 14.69385
