lastAccountName: Mythicaldragons
timestamps:
  login: 1566409960437
  logout: 1566410089620
  lastteleport: 1566408008069
  kits:
    pyro: 1566408017952
ipAddress: 99.229.33.224
logoutlocation:
  world: FactionsWorld
  x: 6.21844498384401
  y: 63.0
  z: -249.86788735603545
  yaw: -2.9988403
  pitch: 1.9497137
lastlocation:
  world: Creative
  x: 233.26308499274992
  y: 72.5010594297298
  z: -225.1496295964581
  yaw: 61.35
  pitch: 21.749977
