lastAccountName: PriestTrovical
timestamps:
  login: 1567372813735
  lastteleport: 1567333237983
  logout: 1567372817449
ipAddress: 94.14.122.230
logoutlocation:
  world: HUB
  x: 823.3842327459888
  y: 46.9375
  z: -635.4222041556633
  yaw: -266.9396
  pitch: 8.843855
lastlocation:
  world: world
  x: 93.0976404037821
  y: 78.0
  z: 88.98914335729603
  yaw: -103.95
  pitch: 5.8500004
