lastAccountName: Trilons
timestamps:
  login: 1564818614316
  logout: 1564818616134
ipAddress: 66.27.79.64
logoutlocation:
  world: HUB
  x: 827.4318433275425
  y: 47.0
  z: -635.6400027713988
  yaw: -180.5975
  pitch: -8.925436
