lastAccountName: Tullyreimers
timestamps:
  login: 1564802134589
  logout: 1564802234533
ipAddress: 120.153.131.205
logoutlocation:
  world: world
  x: 103.58239179464974
  y: 73.0
  z: 87.74108681139334
  yaw: 258.74982
  pitch: 31.650002
