lastAccountName: LamarJackson2019
timestamps:
  login: 1573009216748
  lastteleport: 1573009222734
  logout: 1573009226007
ipAddress: 137.113.246.8
lastlocation:
  world: world
  x: 69.62804963019815
  y: 78.0
  z: 98.61067790611908
  yaw: 175.95
  pitch: -2.399991
logoutlocation:
  world: world
  x: 80.87475008189357
  y: 78.0
  z: 99.69999998807907
  yaw: -37.799995
  pitch: -1.8000002
