lastAccountName: Julian0_0
timestamps:
  login: 1564610058639
  logout: 1564610373596
ipAddress: 163.158.131.179
logoutlocation:
  world: factions
  x: 198.09487103770567
  y: 69.0
  z: 9.511812613615088
  yaw: 201.14763
  pitch: 11.999622
