lastAccountName: RawwMonkey
timestamps:
  login: 1565298436805
  logout: 1565298452348
ipAddress: 68.77.252.130
logoutlocation:
  world: HUB
  x: 827.6790617042739
  y: 46.9375
  z: -640.4009108763606
  yaw: -175.43959
  pitch: -2.7061508
