lastAccountName: Nexus_Doge
timestamps:
  login: 1564609023176
  logout: 1564609069304
ipAddress: 173.233.172.76
logoutlocation:
  world: factions
  x: 184.0
  y: 69.0
  z: 9.0
  yaw: -89.100006
  pitch: -37.500008
