lastAccountName: SuperAJGaming
timestamps:
  login: 1564605437854
  logout: 1564605494597
ipAddress: 75.139.151.98
logoutlocation:
  world: world
  x: 76.96696424766846
  y: 78.0
  z: 95.39273470066635
  yaw: 54.450096
  pitch: 26.69999
