lastAccountName: DodoTheSlothYT
timestamps:
  login: 1564621255229
  logout: 1564621270579
ipAddress: 76.71.143.51
logoutlocation:
  world: world
  x: 78.32412766414821
  y: 78.0
  z: 96.8944113461853
  yaw: -325.35007
  pitch: 12.900013
