lastAccountName: ONEPUNCHHHHHHH
timestamps:
  login: 1564699311715
  logout: 1564699320733
ipAddress: 74.96.221.179
logoutlocation:
  world: world
  x: 78.78544937224625
  y: 78.0
  z: 112.09680102118035
  yaw: 90.60226
  pitch: 19.945766
