lastAccountName: mcsmousee
timestamps:
  login: 1566097346463
  lastteleport: 1566100040219
  kits:
    tank: 1566100049317
  logout: 1566100110108
ipAddress: 24.140.186.52
lastlocation:
  world: FactionsWorld
  x: -128.78716687963365
  y: 60.81871932813761
  z: -694.763384404323
  yaw: -144.34549
  pitch: -19.220432
logoutlocation:
  world: minigames
  x: 318.6090456415914
  y: 92.0
  z: 184.02774024069979
  yaw: 55.736084
  pitch: -86.995926
