lastAccountName: RicanPatriot
timestamps:
  login: 1564605809144
  logout: 1564605847709
ipAddress: 71.255.242.46
lastlocation:
  world: world
  x: 95.86816060380582
  y: 78.0
  z: 106.36507901143219
  yaw: -125.59801
  pitch: -4.1999264
logoutlocation:
  world: world
  x: 91.05035049772069
  y: 78.0
  z: 91.03889470746482
  yaw: 23.849966
  pitch: 23.100021
