lastAccountName: Peabody_JK
timestamps:
  login: 1564679718505
  lastteleport: 1564681147160
  logout: 1564681226049
ipAddress: 67.171.148.19
lastlocation:
  world: HUB
  x: 819.6479091189151
  y: 45.0
  z: -629.5984719794184
  yaw: -31.055902
  pitch: 90.0
logoutlocation:
  world: HUB
  x: 821.5829906296755
  y: 49.5
  z: -649.6317504874157
  yaw: -10.188541
  pitch: 11.4669485
