lastAccountName: godjohn
timestamps:
  login: 1564708472050
  logout: 1564708659709
ipAddress: 173.170.85.250
logoutlocation:
  world: HUB
  x: 841.6999999880791
  y: 50.0
  z: -639.3000000119209
  yaw: -243.53792
  pitch: 15.443854
