lastAccountName: shistercloudy
timestamps:
  login: 1567490247462
  logout: 1567491991808
ipAddress: 98.238.214.79
lastlocation:
  world: world
  x: 86.69999998807907
  y: 69.0
  z: -128.39961758509813
  yaw: 321.92017
  pitch: 7.7996445
logoutlocation:
  world: world
  x: 373.0257647319993
  y: 55.0
  z: 166.71552644970805
  yaw: 250.65332
  pitch: 22.500095
