lastAccountName: Mavamune
timestamps:
  login: 1564617475617
  logout: 1564617934825
ipAddress: 68.73.120.143
logoutlocation:
  world: world
  x: 11.537194708492073
  y: 67.0
  z: 402.7030256751916
  yaw: -356.25232
  pitch: 47.100048
