lastAccountName: PossuPyrjo
timestamps:
  login: 1567240588388
  lastteleport: 1567240593431
  logout: 1567243535458
ipAddress: 188.238.68.9
lastlocation:
  world: HUB
  x: 827.4318433275425
  y: 47.0
  z: -635.6400027713988
  yaw: -79.739525
  pitch: 20.393847
logoutlocation:
  world: HUB
  x: 658.8044328917582
  y: 4.0
  z: -888.335146557371
  yaw: -84.148994
  pitch: 35.399994
