lastAccountName: Pranalevichi
timestamps:
  login: 1564685744612
  lastteleport: 1564684703939
  logout: 1564685747183
ipAddress: 71.173.65.18
lastlocation:
  world: world
  x: 71.20576546022986
  y: 78.0
  z: 108.69381343581568
  yaw: 124.350006
  pitch: 6.8999977
logoutlocation:
  world: HUB
  x: 827.4318433275425
  y: 47.0
  z: -635.6400027713988
  yaw: -181.73962
  pitch: -1.6561496
