lastAccountName: Caspeeer
timestamps:
  login: 1564692232240
  logout: 1564693137139
ipAddress: 80.201.3.77
logoutlocation:
  world: Creative
  x: 268.5376345080797
  y: 253.30017907792524
  z: -242.93073987594636
  yaw: 0.76293945
  pitch: 7.920291
