lastAccountName: Chernobyl452
timestamps:
  login: 1564694868319
  logout: 1564695049031
ipAddress: 217.39.62.222
logoutlocation:
  world: Creative
  x: 446.6084484059112
  y: 63.5
  z: 3.3697158114474632
  yaw: -90.45024
  pitch: 21.90003
