lastAccountName: Mr_PigLit
timestamps:
  login: 1564799015250
  logout: 1564799042491
ipAddress: 45.37.52.119
logoutlocation:
  world: world
  x: 77.4721483208375
  y: 78.0
  z: 101.48826383137539
  yaw: -191.14671
  pitch: 29.342493
