lastAccountName: Krakenmann
timestamps:
  login: 1564706381135
  logout: 1564706742234
ipAddress: 24.117.41.157
logoutlocation:
  world: Creative
  x: 255.03516612726955
  y: 63.40040085321926
  z: -226.5475832549821
  yaw: -262.04803
  pitch: -10.199857
