lastAccountName: Zero1104
timestamps:
  login: 1566693663168
  lastteleport: 1566701469242
  kits:
    archer: 1565230268232
    tank: 1565230167033
  logout: 1566701741136
ipAddress: 73.98.193.123
lastlocation:
  world: world
  x: 98.78185803957227
  y: 76.0
  z: 96.33452541736627
  yaw: -6.9505615
  pitch: 17.125233
logoutlocation:
  world: world
  x: 342.92821512355385
  y: 60.0
  z: 150.87186225021085
  yaw: -237.81554
  pitch: -38.849968
afk: false
