lastAccountName: KatzTVR
timestamps:
  login: 1564673765088
  logout: 1564673837537
ipAddress: 98.194.245.100
logoutlocation:
  world: world
  x: 92.02496982700805
  y: 78.0
  z: 90.35092593517119
  yaw: 228.15309
  pitch: 28.05047
