lastAccountName: DaffyTV
timestamps:
  login: 1564614231813
  logout: 1564614448875
ipAddress: 139.28.217.85
logoutlocation:
  world: world
  x: 83.18525856313062
  y: 78.0
  z: 88.13716730797101
  yaw: -90.6405
  pitch: 8.83624
