lastAccountName: BritishFalcon
timestamps:
  login: 1566412340472
  logout: 1566412562671
ipAddress: 86.157.27.249
lastlocation:
  world: world
  x: 122.69748970831874
  y: 67.0
  z: 215.9244980222376
  yaw: 26.238892
  pitch: 17.849789
logoutlocation:
  world: world
  x: 78.5740552921049
  y: 78.0
  z: 95.53924020179544
  yaw: -263.14752
  pitch: 23.275389
