lastAccountName: Garryyy
timestamps:
  login: 1564606661661
  logout: 1564606768150
ipAddress: 72.73.103.232
logoutlocation:
  world: world
  x: 94.36781850685102
  y: 78.0
  z: 87.4163674571148
  yaw: -112.499664
  pitch: 15.750051
