lastAccountName: VAM246
timestamps:
  login: 1564683198291
  logout: 1564683219132
ipAddress: 73.206.185.105
lastlocation:
  world: factions
  x: 27.846888232029762
  y: 41.0
  z: 5.225517044542967
  yaw: -267.6303
  pitch: 4.5809016
logoutlocation:
  world: HUB
  x: 827.4318433275425
  y: 47.0
  z: -635.6400027713988
  yaw: -153.68967
  pitch: -32.40004
