lastAccountName: xIMonster_PvP
timestamps:
  login: 1564674798162
  logout: 1564674922434
ipAddress: 41.100.181.199
logoutlocation:
  world: world_the_end
  x: -0.0629100315729132
  y: 31.0
  z: 0.8454839711125549
  yaw: 165.74927
  pitch: 5.100027
