lastAccountName: SlendyXx
timestamps:
  login: 1564609890599
  logout: 1564610290333
ipAddress: 47.145.225.191
logoutlocation:
  world: world
  x: 380.4394819474718
  y: 68.0
  z: 163.12533051869954
  yaw: -122.0856
  pitch: -10.009031
