lastAccountName: Lv_
timestamps:
  login: 1564610788868
  logout: 1564611788196
ipAddress: 68.84.154.115
lastlocation:
  world: world
  x: 180.30000001192093
  y: 68.0
  z: 99.64511126139224
  yaw: 330.38428
  pitch: 29.913532
logoutlocation:
  world: world
  x: 77.5046766324297
  y: 78.0
  z: 97.33557252956427
  yaw: 198.85425
  pitch: 26.259119
