lastAccountName: raiderbunyip
timestamps:
  login: 1564611977114
  logout: 1564612197285
ipAddress: 86.21.144.212
logoutlocation:
  world: world
  x: 27.019660151597922
  y: 113.0
  z: 33.905044363146345
  yaw: 354.1021
  pitch: 22.375298
lastlocation:
  world: world
  x: 79.63285253039646
  y: 81.0
  z: 144.30000001192093
  yaw: 10.199693
  pitch: 33.60004
