lastAccountName: Impeach_Trump_
timestamps:
  login: 1564699285505
  logout: 1564699486985
ipAddress: 174.55.173.232
lastlocation:
  world: world
  x: 36.69380999281888
  y: 71.0
  z: 0.7927151418631064
  yaw: 106.96292
  pitch: 42.82716
logoutlocation:
  world: world
  x: 77.30000001192093
  y: 72.0
  z: 40.30000001192093
  yaw: -184.19579
  pitch: 24.250418
