lastAccountName: ConfusedPossum
timestamps:
  login: 1564613976355
  logout: 1564614148781
ipAddress: 72.169.96.41
logoutlocation:
  world: world
  x: 120.87912785771607
  y: 81.0
  z: 46.72371522510435
  yaw: 109.64996
  pitch: 23.9998
