lastAccountName: gilbs13
timestamps:
  login: 1564605673759
  logout: 1564605802500
ipAddress: 98.229.212.0
lastlocation:
  world: world
  x: 106.98498193403543
  y: 67.0
  z: 71.36907706239465
  yaw: 4.050647
  pitch: 7.9500117
logoutlocation:
  world: world
  x: 102.18875673110476
  y: 67.0
  z: 65.81433996813816
  yaw: 167.95421
  pitch: 21.02527
