lastAccountName: GM_Inder
timestamps:
  login: 1567343543963
  logout: 1567345764061
  lastteleport: 1566102138841
  kits:
    tank: 1566102148502
ipAddress: 14.239.120.177
logoutlocation:
  world: HUB
  x: 828.7987367335952
  y: 47.5
  z: -635.236000040959
  yaw: -252.98961
  pitch: 53.243847
lastlocation:
  world: minigames
  x: 344.77395358918017
  y: 96.0
  z: 177.35376076811497
  yaw: 341.5332
  pitch: 59.09993
