lastAccountName: GildedGuy
timestamps:
  login: 1566534619750
  logout: 1566534661597
ipAddress: 68.4.87.198
logoutlocation:
  world: world
  x: 80.56139395641527
  y: 78.0
  z: 109.71154863961009
  yaw: -355.9495
  pitch: 1.8000915
