lastAccountName: XxSadLifexX
timestamps:
  login: 1564690094904
  logout: 1564690163951
ipAddress: 73.118.2.111
logoutlocation:
  world: HUB
  x: 827.5100245952195
  y: 47.0
  z: -635.5574037934408
  yaw: -176.7457
  pitch: 90.0
