hub:
  world: HUB
  x: 827.4318433275425
  y: 47.0
  z: -635.6400027713988
  yaw: -179.9396
  pitch: -8.70615
