world: minigames
x: 316.4456692481689
y: 176.0
z: 161.37145309345877
yaw: 357.5846
pitch: 26.730755
name: Kitpvp
lastowner: 048d2f37-55a9-4de8-96db-75febd2e8696
